10
22
2156 90629 23857 94325 33447 78537 48772 35902 47202 79445 63982 4784 68417 3497 90081 36426 86918 30739 95728 31932 7775 14575
52
65194 8115 6117 29036 32362 61968 33097 8933 48404 20798 22878 79156 12529 85569 6694 2312 95138 48680 83657 61801 67326 14165 92214 4546 84948 27986 88208 57285 60345 19284 2502 81434 95271 64223 38949 53020 26690 15360 95263 53404 36099 43951 58886 53245 42341 71994 74035 66042 78917 26868 23754 47366
25
46600 26467 89770 49130 90639 2581 12581 97435 20464 27327 98989 7958 9279 29832 89992 8200 86595 87658 11929 61473 78720 99455 79775 82549 47466
13
80114 14957 14850 89334 48231 1392 3686 71008 33553 50382 70962 78326 16315
90
49262 32737 71449 72455 45368 87455 3299 11957 53310 80206 96523 89291 43269 73764 31258 1515 68546 96007 86542 22601 90943 94685 38238 4979 87469 47611 73541 58976 84239 54882 79343 83220 10898 71826 58949 76456 54496 37428 97987 21410 12516 99134 80040 45904 97484 30412 20443 77370 81740 71653 52977 58357 69525 11094 76763 70052 22306 47593 4584 52751 63571 81495 43377 65875 35844 51401 27307 22098 93559 82217 1394 1999 6699 68747 14427 34433 90410 26878 58698 85413 35729 57163 73517 41342 92089 14571 11768 41107 5542 93590
1
8681
15
93929 35815 34731 59844 80826 54456 96235 45056 88928 23399 8060 20005 1404 24204 19451
30
89638 17015 83208 64471 15569 61810 1935 85891 17409 60104 42650 89584 87725 41955 11692 48429 68317 80482 48938 96375 58606 68447 29821 90034 71459 94252 45121 36319 82776 67776
50
36111 93698 80741 94434 22683 6381 53224 69661 26101 71888 97119 77822 61131 76944 63568 50237 41015 66946 5766 13741 67267 5836 53521 8532 53444 65655 99944 39926 59788 75226 9826 2486 81903 3259 42445 94489 71706 34850 1654 83702 68399 76961 89772 42282 92054 83522 50276 2542 56616 14758
96
89644 17506 4432 22750 3565 71526 64287 29748 79224 82710 62105 60082 8903 6167 39579 41112 84407 88392 44651 78310 90948 7811 95123 6219 8846 77311 33393 34124 56531 41635 88998 80137 11395 84689 75359 95471 17311 97977 83875 8808 74105 83483 72018 4880 96434 59384 86542 75875 60180 17942 61123 40794 3435 26256 55865 22589 95394 24489 18761 55707 86941 43041 64087 14425 12810 51299 44832 43887 85737 30339 67341 3365 57079 49873 71282 17916 36274 46478 31480 69431 27996 61581 54078 58596 81289 85086 3974 57368 21018 37285 73439 91187 5966 33799 13540 1116